53
807
1594
1851
1937
2404
3192
3386
3448
3534
3999
4790
5596
6392
7200
7991
8805
9593
10803
11009
11128
11352
11474
11660
11886
12046
12261
12396
12509
12795
12887
12996
13193
13261
13395
13471
13581
13780
13991
14076
14132
14192
14359
14586
14795
14861
14911
15189
15392
15594
15794
15979
16033
16086
16193
16392
16595
16794
16928
17192
17276
17335
17393
17603
17796
17993
18076
18394
18461
18550
18788
18862
18952
19097
19180
19244
19352
19573
19735
19845
19989
20192
20306
20482
20592
20790
20930
20981
21197
21393
21588
21720
21795
21994
22194
22253
22394
22475
22592
22780
22995
23050
23189
23372
23459
23593
23680
23787
23996
24059
24199
24300
24441
24602
24796
24931
24996
25196
25595
25686
25796
25993
26060
26194
26271
26579
26792
26878
26932
26992
27156
27385
27596
27660
27711
27989
28192
28393
28594
28779
28832
28885
28993
29193
29395
29594
29728
29991
30076
30135
30194
30403
30596
30793
30875
31243
31350
31589
31662
31756
31896
31993
32076
32190
32373
32535
32645
32789
32992
33103
33283
33391
33589
33728
33996
34192
34388
34595
34794
34994
35053
35194
35276
35392
35581
35795
35852
35989
36172
36260
36392
36479
36587
36798
36859
36998
37077
37240
37402
37596
37724
37853
37976
38155
38312
38596
38705
38797
38994
39082
39148
39368
39444
39594
39686
39791
39928
39996
40191
40395
40459
40571
40767
40992
41086
41194
41393
41487
41583
41759
41949
42194
42347
42593
42741
42791
42885
42935
42991
43169
43279
43565
43792
43988
44169
44393
44560
44720
44795
44992
45193
45263
45331
45392
45545
45713
45763
45852
45968
46136
46192
46393
46530
46593
46718
46794
46860
46994
47394
47572
47757
47934
48192
48254
48591
48658
48994
49108
49182
49286
49393
49599
49802
49951
50279
50331
50687
50755
50887
51155
51274
51393
51592
51793
51896
51967
52152
52281
52373
52483
52534
52591
52760
52854
52958
53194
53263
53313
53541
53793
53920
54193
54259
54372
54477
54593
54742
54993
55134
55190
55354
55591
55681
55735
55791
55961
56140
56194
56352
56441
56596
56739
56791
56997
57084
57157
57301
57393
57512
57571
57792
57993
58190
58255
58344
58544
58734
58792
58884
58937
58991
59071
59328
59393
59541
59600
59663
59793
59989
60193
60368
60429
60536
60592
60756
60836
61194
61313
61379
61560
61757
61933
61991
62159
62352
62539
62775
62934
63155
63539
63595
63713
63994
64085
64196
64393
64458
64595
64670
64979
65191
65277
65333
65392
65556
65786
65996
66060
66111
66389
66592
66794
66994
67179
67232
67285
67393
67592
67795
67995
68084
68167
68392
68483
68535
68594
68803
68996
69193
69275
69594
69750
69988
70064
70153
70296
70364
70443
70591
70773
70935
71045
71189
71392
71506
71682
71792
71990
72130
72397
72593
72788
72995
73194
73394
73450
73594
73676
73791
73980
74195
74252
74389
74572
74660
74793
74880
74987
75196
75260
75398
75499
75641
75801
75995
76132
76195
76395
76764
76837
76996
77193
77257
77395
77470
77779
77992
78077
78133
78192
78363
78586
78796
78860
78912
79189
79393
79593
79794
79979
80032
80085
80193
80393
80596
80794
80928
81191
81273
81335
81393
81602
81796
81993
82075
82442
82550
82788
82862
82952
83096
83193
83278
83391
83573
83735
83845
83989
84193
84337
84482
84535
84592
84789
84927
85196
85392
85588
85795
85994
86194
86249
86394
86476
86592
86782
86995
87053
87189
87370
87461
87593
87679
87787
87998
88059
88199
88300
88441
88601
88796
88997
89111
89195
89264
89383
89475
89792
89993
90193
90260
90390
90567
90788
90887
90991
91194
91271
91346
91460
91595
91659
91733
91989
92192
92393
92592
92793
92992
93080
93193
93349
93454
93754
93859
93964
94086
94142
94392
94594
94793
94942
95188
95347
95492
95583
95774
95994
96192
96333
96388
96591
96733
96784
96975
97194
97285
97393
97459
97578
97728
97793
97993
98059
98137
98252
98593
98793
98898
98997
99193
99392
99586
99792
99988
100165
100397
100482
100536
100591
100803
101188
101365
101468
101585
101812
101995
102097
102359
102488
102593
102680
102995
103192
103393
103483
103593
103684
103735
103791
103944
104191
104394
104460
104592
104789
104993
105091
105195
105393
105595
105792
105977
106196
106594
106731
106792
106884
106991
107186
107304
107363
107527
107638
107793
107851
108197
108257
108326
108397
108452
108593
108747
108992
109144
109310
109368
109442
109556
109792
109990
110083
110135
110193
110394
110543
110795
110862
110992
111188
111384
111465
111795
111989
112139
112407
112749
112949
113033
113331
113449
113663
113737
113832
114130
114362
114525
114763
115175
115239
115396
115593
115659
115795
115871
116180
116391
116477
116531
116592
116758
116986
117170
117260
117311
117589
117792
117994
118194
118380
118432
118486
118593
118792
118995
119194
119329
119592
119680
119735
119793
120003
120196
120393
120476
120793
120950
121189
121264
121357
121496
121580
121643
121792
121973
122135
122245
122389
122592
122706
122882
122992
123190
123330
123383
123597
123794
123988
124195
124394
124595
124653
124794
124876
124991
125183
125394
125449
125589
125773
125860
125993
126079
126187
126396
126460
126599
126700
126840
127002
127196
127332
127394
127595
127712
127993
128084
128196
128393
128499
128594
128671
128979
129192
129276
129327
129392
129563
129786
129996
130060
130111
130389
130593
130793
130994
131179
131233
131286
131393
131592
131796
131993
132128
132391
132470
132535
132594
132803
132996
133193
133285
133643
133750
133989
134062
134155
134297
134393
134476
134592
134773
134935
135045
135190
135393
135506
135682
135735
135792
135989
136129
136396
136592
136788
136995
137194
137395
137452
137594
137675
137792
137981
138194
138251
138389
138570
138660
138793
138880
138987
139199
139260
139398
139499
139641
139802
139996
140132
140194
140395
140794
140884
140996
141193
141258
141394
141471
141779
141992
142077
142132
142192
142363
142586
142796
142860
142911
143189
143393
143593
143794
143979
144033
144085
144193
144393
144596
144794
144928
145191
145284
145335
145393
145602
145796
145993
146076
146400
146550
146790
146863
146954
147096
147193
147274
147392
147573
147735
147845
147990
148193
148337
148482
148535
148592
148790
148928
149196
149391
149588
149795
149994
150194
150251
150394
150476
150592
150782
150995
151051
151189
151371
151460
151593
151679
151787
151997
152059
152198
152300
152441
152602
152796
152995
153099
153182
153436
153531
153625
153892
154379
155228
155375
155469
156024
156831
157628
158380
158469
159226
159965
160259
160746
161595
161743
161837
162391
163197
163994
164794
165594
166307
166405
166525
166724
166925
167121
167325
167527
167617
167668
167725
167922
168126
168330
168397
168525
168721
168925
169126
169327
169526
169723
169926
170125
170319
170525
170727
170817
170868
170924
171126
171325
171529
171724
171921
172125
172325
172526
172707
172772
172925
173125
173327
173518
173726
173926
174018
174068
174123
174324
174524
174729
174796
174923
175121
175326
175525
175725
175928
176125
176325
176525
176723
176926
177125
177218
177268
177324
177523
177727
177930
178125
178321
178523
178616
178727
178925
179107
179206
179325
179525
179725
179921
180125
180327
180417
180468
180525
180722
180926
181130
181197
181325
181521
181725
181926
182127
182326
182523
182726
182926
183119
183325
183527
183617
183668
183724
183926
184125
184329
184525
184722
184926
185125
185326
185507
185572
185725
185925
186127
186318
186526
186726
186818
186868
186923
187124
187323
187529
187596
187723
187921
188126
188325
188525
188728
188925
189125
189325
189523
189726
189926
190018
190068
190125
190323
190527
190730
190925
191121
191323
191415
191527
191725
